# Generated by plot_zonal_average.py 
# Description:
#   MWR zonal average
# Using:
#  mwr_global_average.txt
#  mwr_zonal_anomaly.txt

# Global mean Tb (K), std (K)
    836.21       1.63
    451.96       0.95
    325.98       0.38
    244.62       0.32
    190.64       0.46
    140.80       0.21
# Global mean Ld (%), std (%)
     13.96      0.103
      9.64      0.056
      6.78      0.038
      5.76      0.023
      4.27      0.041
      1.28      0.035
# CH1 zonally averaged Tb anomaly (K), std (K)
    -59.68      -0.24       0.86
    -58.92      -1.44       2.18
    -58.16      -1.75       2.82
    -57.40      -1.15       2.41
    -56.64      -0.41       2.53
    -55.87       0.20       2.70
    -55.11       0.49       2.52
    -54.34       0.40       2.11
    -53.57       0.17       1.92
    -52.80      -0.02       1.78
    -52.03      -0.39       1.91
    -51.26      -0.66       1.69
    -50.48      -1.01       1.64
    -49.70      -1.03       1.55
    -48.92      -0.99       1.64
    -48.14      -0.72       1.93
    -47.36      -0.38       2.12
    -46.57      -0.06       2.19
    -45.78       0.23       2.04
    -44.99       0.33       1.89
    -44.20       0.30       1.92
    -43.41       0.32       2.12
    -42.61       0.41       2.26
    -41.81       0.95       2.30
    -41.01       1.58       2.36
    -40.23       2.18       2.59
    -39.45       2.48       2.72
    -38.68       2.49       2.75
    -37.92       2.15       2.64
    -37.17       1.56       2.35
    -36.42       0.75       1.94
    -35.69       0.08       1.55
    -34.95      -0.31       1.26
    -34.23      -0.06       1.33
    -33.51       0.82       1.70
    -32.80       2.11       1.92
    -32.09       3.59       1.87
    -31.39       4.93       1.74
    -30.69       5.95       1.93
    -30.00       6.44       2.20
    -29.31       6.33       2.19
    -28.63       5.71       2.04
    -27.95       4.90       2.07
    -27.28       4.49       2.22
    -26.61       4.98       2.44
    -25.94       6.35       2.67
    -25.28       7.89       2.62
    -24.62       9.16       2.30
    -23.97      10.21       2.04
    -23.32      11.56       2.22
    -22.67      13.26       2.72
    -22.02      14.82       3.12
    -21.38      15.68       3.26
    -20.74      15.81       3.18
    -20.11      15.37       3.07
    -19.47      14.47       2.86
    -18.84      12.94       2.45
    -18.21      10.98       2.02
    -17.58       8.90       1.81
    -16.96       6.94       2.00
    -16.33       5.14       2.16
    -15.71       3.86       2.23
    -15.09       2.93       2.32
    -14.48       2.48       2.56
    -13.86       2.30       2.78
    -13.25       2.77       2.45
    -12.64       3.46       2.29
    -12.02       3.63       2.24
    -11.42       3.32       2.20
    -10.81       2.69       1.96
    -10.20       1.84       1.74
     -9.59       0.57       1.72
     -8.99      -0.67       1.85
     -8.39      -2.30       1.92
     -7.78      -4.74       2.03
     -7.18      -7.67       2.20
     -6.58      -9.86       2.24
     -5.98     -11.31       2.17
     -5.38     -13.18       2.31
     -4.78     -15.57       2.33
     -4.18     -17.76       2.19
     -3.58     -19.38       2.03
     -2.99     -20.89       2.09
     -2.39     -22.41       2.07
     -1.79     -24.69       2.15
     -1.19     -26.69       2.26
     -0.60     -28.76       2.38
      0.00     -30.08       2.32
      0.60     -31.49       2.17
      1.19     -32.89       2.27
      1.79     -33.93       2.31
      2.39     -34.91       2.43
      2.99     -35.00       2.18
      3.58     -34.71       2.20
      4.18     -33.49       2.24
      4.78     -32.01       2.34
      5.38     -29.87       2.51
      5.98     -26.79       2.86
      6.58     -21.95       3.13
      7.18     -15.49       3.07
      7.78      -8.94       2.06
      8.39      -3.81       1.35
      8.99      -0.54       1.34
      9.59       1.39       1.72
     10.20       2.27       1.84
     10.81       2.83       1.71
     11.42       3.20       1.86
     12.02       4.74       1.64
     12.64       6.45       1.82
     13.25       9.12       1.88
     13.86      11.37       1.85
     14.48      14.22       1.89
     15.09      17.05       2.01
     15.71      19.81       2.08
     16.33      22.00       2.02
     16.96      23.14       2.12
     17.58      22.70       1.97
     18.21      20.59       1.94
     18.84      17.84       1.66
     19.47      15.27       1.68
     20.11      13.29       1.73
     20.74      11.74       1.66
     21.38      10.48       1.49
     22.02       9.50       1.40
     22.67       8.66       1.51
     23.32       8.44       1.49
     23.97       8.06       1.40
     24.62       6.89       1.71
     25.28       5.30       2.15
     25.94       4.05       2.23
     26.61       3.70       2.18
     27.28       4.07       2.26
     27.95       4.78       2.38
     28.63       5.30       2.53
     29.31       5.31       2.68
     30.00       5.40       2.59
     30.69       6.04       2.35
     31.39       6.11       1.79
     32.09       5.31       2.18
     32.80       3.69       3.21
     33.51       2.59       3.92
     34.23       2.18       4.34
     34.95       2.56       4.25
     35.69       3.15       4.04
     36.42       3.66       3.94
     37.17       3.85       3.65
     37.92       3.61       3.12
     38.68       2.76       2.27
     39.45       1.50       1.86
     40.23       0.41       2.17
     41.01       0.22       2.09
     41.81       0.81       1.78
     42.61       1.58       1.63
     43.41       1.92       1.81
     44.20       1.84       1.79
     44.99       1.55       1.59
     45.78       1.04       1.36
     46.57       0.07       1.12
     47.36      -0.84       1.43
     48.14      -1.54       1.78
     48.92      -1.64       1.90
     49.70      -1.65       1.74
     50.48      -1.78       1.71
     51.26      -2.13       1.94
     52.03      -2.65       2.43
     52.80      -3.10       2.88
     53.57      -3.45       3.21
     54.34      -3.37       3.27
     55.11      -3.23       3.42
     55.87      -3.07       3.63
     56.64      -3.37       3.60
     57.40      -3.67       3.65
     58.16      -3.63       3.75
     58.92      -3.29       3.88
     59.68      -2.82       4.13
# CH2 zonally averaged Tb anomaly (K), std (K)
    -59.68       3.10       2.40
    -58.92       3.55       2.14
    -58.16       3.99       2.09
    -57.40       4.39       2.17
    -56.64       4.67       2.23
    -55.87       4.82       2.32
    -55.11       4.83       2.33
    -54.34       4.73       2.33
    -53.57       4.55       2.23
    -52.80       4.29       2.12
    -52.03       4.05       1.98
    -51.26       3.85       1.87
    -50.48       3.79       1.81
    -49.70       3.82       1.79
    -48.92       3.98       1.85
    -48.14       4.19       1.92
    -47.36       4.37       2.02
    -46.57       4.48       2.07
    -45.78       4.38       2.10
    -44.99       4.15       2.10
    -44.20       3.89       1.85
    -43.41       3.56       1.85
    -42.61       3.27       2.04
    -41.81       2.97       2.05
    -41.01       2.91       2.02
    -40.23       3.04       1.94
    -39.45       3.27       1.81
    -38.68       3.42       1.66
    -37.92       3.39       1.61
    -37.17       3.14       1.73
    -36.42       2.70       1.99
    -35.69       2.12       2.18
    -34.95       1.57       2.15
    -34.23       1.29       1.90
    -33.51       1.56       1.57
    -32.80       2.40       1.32
    -32.09       3.61       1.19
    -31.39       4.83       1.15
    -30.69       5.71       1.26
    -30.00       6.00       1.51
    -29.31       5.67       1.66
    -28.63       4.87       1.67
    -27.95       3.97       1.56
    -27.28       3.35       1.44
    -26.61       3.38       1.49
    -25.94       4.03       1.65
    -25.28       4.94       1.73
    -24.62       5.70       1.57
    -23.97       6.18       1.43
    -23.32       6.56       1.32
    -22.67       7.05       1.26
    -22.02       7.66       1.25
    -21.38       8.17       1.23
    -20.74       8.42       1.16
    -20.11       8.29       1.13
    -19.47       7.80       1.19
    -18.84       7.05       1.34
    -18.21       6.09       1.52
    -17.58       4.85       1.75
    -16.96       3.36       2.03
    -16.33       1.99       2.26
    -15.71       1.10       2.37
    -15.09       0.73       2.31
    -14.48       0.55       2.11
    -13.86       0.42       1.92
    -13.25       0.41       1.77
    -12.64       0.45       1.61
    -12.02       0.28       1.44
    -11.42      -0.27       1.35
    -10.81      -1.12       1.40
    -10.20      -2.10       1.46
     -9.59      -3.19       1.39
     -8.99      -4.40       1.13
     -8.39      -5.65       0.89
     -7.78      -7.08       0.93
     -7.18      -8.63       0.93
     -6.58     -10.10       0.83
     -5.98     -11.43       0.83
     -5.38     -12.69       0.93
     -4.78     -14.05       0.88
     -4.18     -15.04       0.86
     -3.58     -15.69       0.89
     -2.99     -16.29       1.12
     -2.39     -17.25       1.23
     -1.79     -18.65       1.36
     -1.19     -20.54       1.13
     -0.60     -22.53       0.83
      0.00     -24.64       0.80
      0.60     -26.91       1.07
      1.19     -29.27       1.46
      1.79     -31.46       1.39
      2.39     -32.74       1.54
      2.99     -33.66       1.39
      3.58     -33.86       1.72
      4.18     -33.68       2.01
      4.78     -32.57       2.22
      5.38     -30.83       2.03
      5.98     -27.85       1.84
      6.58     -23.39       1.82
      7.18     -17.00       1.53
      7.78      -9.42       0.97
      8.39      -3.02       1.33
      8.99       1.34       1.36
      9.59       3.25       1.30
     10.20       4.31       1.39
     10.81       4.96       1.22
     11.42       5.75       1.27
     12.02       6.90       1.28
     12.64       8.25       1.45
     13.25       9.72       1.69
     13.86      11.18       2.09
     14.48      13.03       1.98
     15.09      14.85       1.77
     15.71      16.67       1.53
     16.33      17.73       1.25
     16.96      18.18       1.09
     17.58      17.45       1.17
     18.21      14.99       1.26
     18.84      11.13       1.23
     19.47       6.48       0.97
     20.11       2.66       0.89
     20.74       0.47       0.88
     21.38      -0.32       0.92
     22.02      -0.55       0.70
     22.67      -0.78       0.75
     23.32      -0.83       0.82
     23.97      -0.52       0.76
     24.62      -0.11       0.57
     25.28       0.25       0.57
     25.94       0.58       0.68
     26.61       1.01       0.74
     27.28       1.66       0.69
     27.95       2.36       0.65
     28.63       2.92       0.63
     29.31       3.24       0.69
     30.00       3.49       0.88
     30.69       3.83       0.94
     31.39       4.18       0.93
     32.09       4.19       1.04
     32.80       3.77       1.44
     33.51       3.62       1.85
     34.23       4.23       2.38
     34.95       5.45       2.79
     35.69       6.64       2.84
     36.42       7.43       2.57
     37.17       7.71       2.37
     37.92       7.46       2.37
     38.68       6.83       2.35
     39.45       6.11       2.29
     40.23       5.62       2.34
     41.01       5.30       2.33
     41.81       5.01       2.18
     42.61       4.58       1.89
     43.41       4.10       1.68
     44.20       3.73       1.60
     44.99       3.48       1.62
     45.78       3.30       1.74
     46.57       3.11       1.74
     47.36       2.98       1.54
     48.14       2.99       1.39
     48.92       3.04       1.46
     49.70       3.05       1.60
     50.48       2.93       1.73
     51.26       2.78       1.78
     52.03       2.60       1.80
     52.80       2.45       1.75
     53.57       2.32       1.63
     54.34       2.32       1.62
     55.11       2.38       1.74
     55.87       2.51       1.97
     56.64       2.63       2.14
     57.40       2.80       2.22
     58.16       2.94       2.16
     58.92       3.06       2.02
     59.68       3.16       1.89
# CH3 zonally averaged Tb anomaly (K), std (K)
    -59.68      -0.20       0.44
    -58.92       0.69       0.35
    -58.16       1.42       0.41
    -57.40       2.16       0.47
    -56.64       2.85       0.59
    -55.87       3.36       0.68
    -55.11       3.45       0.67
    -54.34       3.17       0.71
    -53.57       2.53       0.87
    -52.80       1.74       1.12
    -52.03       0.95       1.21
    -51.26       0.56       1.19
    -50.48       0.77       0.97
    -49.70       1.46       0.84
    -48.92       2.56       0.68
    -48.14       3.59       0.56
    -47.36       4.28       0.41
    -46.57       4.42       0.48
    -45.78       3.89       0.67
    -44.99       3.01       0.91
    -44.20       1.96       1.27
    -43.41       1.24       1.45
    -42.61       1.02       1.55
    -41.81       1.32       1.68
    -41.01       1.75       1.61
    -40.23       2.07       1.39
    -39.45       2.11       1.00
    -38.68       2.09       0.71
    -37.92       2.02       0.84
    -37.17       1.78       1.08
    -36.42       1.15       1.17
    -35.69       0.20       1.38
    -34.95      -0.58       1.64
    -34.23      -0.77       1.64
    -33.51      -0.18       1.19
    -32.80       0.78       0.69
    -32.09       1.61       0.84
    -31.39       2.10       0.73
    -30.69       2.20       0.70
    -30.00       2.13       0.71
    -29.31       1.84       0.96
    -28.63       1.45       1.00
    -27.95       1.02       1.00
    -27.28       0.77       0.97
    -26.61       0.90       1.07
    -25.94       1.31       1.08
    -25.28       1.76       1.11
    -24.62       2.11       1.06
    -23.97       2.30       0.93
    -23.32       2.32       0.54
    -22.67       2.07       0.47
    -22.02       1.77       0.69
    -21.38       1.67       0.76
    -20.74       1.72       0.85
    -20.11       1.68       0.90
    -19.47       1.45       0.91
    -18.84       1.44       0.99
    -18.21       1.88       1.29
    -17.58       2.25       1.41
    -16.96       2.03       1.00
    -16.33       1.36       0.53
    -15.71       0.82       0.89
    -15.09       0.73       1.18
    -14.48       0.59       0.84
    -13.86       0.39       0.96
    -13.25       0.05       1.02
    -12.64      -0.35       1.20
    -12.02      -0.85       1.00
    -11.42      -1.53       0.88
    -10.81      -1.96       0.91
    -10.20      -2.52       0.82
     -9.59      -2.77       0.69
     -8.99      -2.84       0.57
     -8.39      -2.67       0.80
     -7.78      -2.89       0.83
     -7.18      -4.06       0.99
     -6.58      -5.81       1.09
     -5.98      -7.23       1.07
     -5.38      -8.28       0.92
     -4.78      -8.50       0.85
     -4.18      -8.59       1.05
     -3.58      -8.20       0.98
     -2.99      -8.20       1.05
     -2.39      -8.56       0.99
     -1.79      -9.74       1.02
     -1.19     -11.50       0.72
     -0.60     -13.65       0.67
      0.00     -16.27       1.22
      0.60     -19.28       1.69
      1.19     -22.54       1.75
      1.79     -25.27       2.08
      2.39     -27.17       2.34
      2.99     -28.19       2.37
      3.58     -28.46       2.44
      4.18     -27.77       2.74
      4.78     -26.58       3.07
      5.38     -24.30       3.13
      5.98     -20.72       3.09
      6.58     -15.78       2.90
      7.18      -8.82       2.39
      7.78      -1.28       1.25
      8.39       5.37       0.96
      8.99       8.95       1.43
      9.59      10.12       1.27
     10.20      10.35       1.71
     10.81      10.57       1.63
     11.42      11.01       1.42
     12.02      11.69       1.45
     12.64      12.55       1.12
     13.25      13.51       1.46
     13.86      14.56       1.77
     14.48      16.12       1.83
     15.09      17.69       1.66
     15.71      19.11       1.44
     16.33      19.68       1.49
     16.96      19.59       1.49
     17.58      18.58       1.49
     18.21      15.84       1.32
     18.84      11.74       1.37
     19.47       6.67       1.07
     20.11       3.00       0.81
     20.74       1.07       0.67
     21.38       0.52       0.84
     22.02      -0.10       0.62
     22.67      -0.84       0.49
     23.32      -1.46       0.36
     23.97      -1.23       0.40
     24.62      -1.21       0.54
     25.28      -0.67       0.66
     25.94      -0.40       0.80
     26.61      -0.04       0.72
     27.28       0.23       0.71
     27.95       0.37       0.50
     28.63       0.64       0.50
     29.31       0.74       0.42
     30.00       0.80       0.42
     30.69       1.14       0.38
     31.39       1.65       0.36
     32.09       1.79       0.52
     32.80       1.66       0.77
     33.51       1.22       1.22
     34.23       1.35       1.64
     34.95       1.62       1.72
     35.69       2.01       1.46
     36.42       2.26       1.24
     37.17       2.36       1.10
     37.92       2.40       1.10
     38.68       2.13       0.97
     39.45       1.71       0.74
     40.23       1.30       0.53
     41.01       1.24       0.37
     41.81       1.20       0.28
     42.61       1.11       0.34
     43.41       1.10       0.38
     44.20       1.26       0.30
     44.99       1.46       0.27
     45.78       1.36       0.62
     46.57       1.34       0.88
     47.36       1.57       0.74
     48.14       1.90       0.60
     48.92       1.84       0.51
     49.70       1.67       0.74
     50.48       1.64       1.23
     51.26       1.81       1.22
     52.03       1.79       1.23
     52.80       1.52       1.23
     53.57       1.16       1.46
     54.34       0.98       1.59
     55.11       1.01       1.45
     55.87       1.32       1.15
     56.64       1.61       0.98
     57.40       1.89       0.96
     58.16       2.04       1.05
     58.92       2.19       1.03
     59.68       2.31       0.98
# CH4 zonally averaged Tb anomaly (K), std (K)
    -59.68      -0.50       0.36
    -58.92      -0.34       0.31
    -58.16      -0.18       0.35
    -57.40       0.07       0.35
    -56.64       0.25       0.33
    -55.87       0.43       0.33
    -55.11       0.54       0.36
    -54.34       0.62       0.46
    -53.57       0.73       0.47
    -52.80       0.88       0.50
    -52.03       1.04       0.47
    -51.26       1.14       0.44
    -50.48       1.10       0.30
    -49.70       0.93       0.28
    -48.92       0.65       0.31
    -48.14       0.41       0.36
    -47.36       0.30       0.41
    -46.57       0.40       0.48
    -45.78       0.60       0.57
    -44.99       0.76       0.61
    -44.20       0.88       0.55
    -43.41       0.97       0.70
    -42.61       1.17       0.89
    -41.81       1.35       1.01
    -41.01       1.44       0.95
    -40.23       1.45       0.82
    -39.45       1.52       0.71
    -38.68       1.83       0.55
    -37.92       1.98       0.45
    -37.17       1.80       0.51
    -36.42       1.26       0.90
    -35.69       0.84       1.51
    -34.95       0.56       1.85
    -34.23       0.44       1.78
    -33.51       0.30       1.27
    -32.80       0.04       0.74
    -32.09      -0.51       0.48
    -31.39      -1.20       0.32
    -30.69      -1.56       0.42
    -30.00      -1.56       0.58
    -29.31      -1.38       0.65
    -28.63      -1.32       0.63
    -27.95      -1.37       0.58
    -27.28      -1.41       0.53
    -26.61      -1.33       0.72
    -25.94      -1.31       0.95
    -25.28      -1.30       1.05
    -24.62      -1.24       0.86
    -23.97      -1.13       0.73
    -23.32      -1.19       0.47
    -22.67      -1.58       0.50
    -22.02      -2.03       0.60
    -21.38      -2.21       0.58
    -20.74      -2.15       0.46
    -20.11      -2.25       0.68
    -19.47      -2.45       0.78
    -18.84      -2.15       1.11
    -18.21      -0.61       1.73
    -17.58       1.54       2.25
    -16.96       2.66       2.34
    -16.33       2.48       1.95
    -15.71       2.05       1.66
    -15.09       2.08       1.57
    -14.48       2.32       1.56
    -13.86       2.04       1.61
    -13.25       1.42       1.54
    -12.64       0.69       1.64
    -12.02       0.07       1.38
    -11.42      -0.48       1.29
    -10.81      -0.90       1.17
    -10.20      -1.60       1.07
     -9.59      -1.96       0.71
     -8.99      -1.52       0.79
     -8.39      -0.37       1.35
     -7.78       0.45       1.91
     -7.18      -0.53       2.08
     -6.58      -3.03       2.05
     -5.98      -5.86       1.83
     -5.38      -7.74       1.45
     -4.78      -8.24       1.27
     -4.18      -7.80       1.26
     -3.58      -7.04       1.11
     -2.99      -6.39       0.91
     -2.39      -6.27       1.05
     -1.79      -6.81       0.92
     -1.19      -7.83       1.07
     -0.60      -9.61       0.83
      0.00     -12.14       0.93
      0.60     -15.36       1.42
      1.19     -18.05       1.35
      1.79     -20.34       1.54
      2.39     -21.67       2.08
      2.99     -22.66       2.47
      3.58     -22.51       2.80
      4.18     -21.39       2.86
      4.78     -19.37       3.07
      5.38     -16.18       3.75
      5.98     -11.07       4.23
      6.58      -4.15       4.04
      7.18       3.50       3.51
      7.78       9.28       3.75
      8.39      12.86       3.79
      8.99      14.57       3.18
      9.59      14.97       2.82
     10.20      15.11       2.50
     10.81      14.95       1.96
     11.42      14.91       1.74
     12.02      14.54       1.98
     12.64      14.32       1.80
     13.25      14.63       1.36
     13.86      15.10       0.98
     14.48      15.42       1.21
     15.09      15.53       1.55
     15.71      15.29       2.17
     16.33      14.58       2.29
     16.96      13.74       2.22
     17.58      12.84       1.96
     18.21      11.34       1.79
     18.84       8.53       1.80
     19.47       5.19       1.50
     20.11       2.59       0.77
     20.74       1.97       0.37
     21.38       1.87       0.61
     22.02       1.68       0.93
     22.67       0.62       1.12
     23.32      -0.19       1.15
     23.97      -0.56       1.09
     24.62      -0.86       0.98
     25.28      -0.77       0.99
     25.94      -0.78       0.92
     26.61      -0.67       0.55
     27.28      -1.06       0.65
     27.95      -1.54       0.51
     28.63      -1.92       0.65
     29.31      -1.97       0.47
     30.00      -1.83       0.43
     30.69      -1.49       0.31
     31.39      -1.10       0.52
     32.09      -0.62       0.86
     32.80      -0.16       1.08
     33.51       0.00       1.08
     34.23      -0.11       1.08
     34.95      -0.36       1.01
     35.69      -0.73       0.97
     36.42      -0.93       0.90
     37.17      -1.06       0.90
     37.92      -0.81       0.97
     38.68      -0.57       0.80
     39.45      -0.42       0.67
     40.23      -0.40       0.64
     41.01      -0.55       0.54
     41.81      -0.71       0.56
     42.61      -0.51       0.55
     43.41       0.03       0.51
     44.20       0.65       0.43
     44.99       1.05       0.36
     45.78       1.26       0.24
     46.57       1.37       0.18
     47.36       1.49       0.20
     48.14       1.58       0.28
     48.92       1.52       0.32
     49.70       1.31       0.42
     50.48       1.20       0.67
     51.26       1.35       0.73
     52.03       1.53       0.49
     52.80       1.60       0.25
     53.57       1.54       0.34
     54.34       1.43       0.34
     55.11       1.37       0.41
     55.87       1.25       0.52
     56.64       1.14       0.53
     57.40       1.02       0.48
     58.16       0.88       0.56
     58.92       0.84       0.71
     59.68       0.84       0.86
# CH5 zonally averaged Tb anomaly (K), std (K)
    -59.68       0.83       0.64
    -58.92       0.60       0.50
    -58.16       0.39       0.43
    -57.40       0.22       0.44
    -56.64       0.02       0.55
    -55.87      -0.03       0.68
    -55.11       0.20       0.76
    -54.34       0.68       0.83
    -53.57       1.54       0.77
    -52.80       2.47       0.67
    -52.03       3.32       0.74
    -51.26       3.61       0.80
    -50.48       3.32       0.80
    -49.70       2.35       0.75
    -48.92       0.99       0.62
    -48.14      -0.32       0.47
    -47.36      -1.11       0.46
    -46.57      -1.18       0.63
    -45.78      -0.62       0.62
    -44.99       0.22       0.81
    -44.20       1.08       1.53
    -43.41       1.69       2.05
    -42.61       2.00       1.93
    -41.81       1.91       1.41
    -41.01       1.46       1.07
    -40.23       0.94       0.89
    -39.45       0.59       0.72
    -38.68       0.47       0.55
    -37.92       0.52       0.56
    -37.17       0.55       0.49
    -36.42       0.67       0.64
    -35.69       0.94       1.18
    -34.95       1.40       1.69
    -34.23       1.79       1.84
    -33.51       1.56       1.47
    -32.80       0.61       0.97
    -32.09      -0.72       0.58
    -31.39      -1.87       0.41
    -30.69      -2.58       0.51
    -30.00      -2.80       0.57
    -29.31      -2.66       0.58
    -28.63      -2.45       0.58
    -27.95      -2.41       0.65
    -27.28      -2.40       0.75
    -26.61      -2.35       0.84
    -25.94      -2.35       1.02
    -25.28      -2.43       1.20
    -24.62      -2.43       1.25
    -23.97      -2.39       1.19
    -23.32      -2.33       0.99
    -22.67      -2.50       0.84
    -22.02      -2.85       0.92
    -21.38      -3.23       0.80
    -20.74      -3.36       0.71
    -20.11      -3.46       0.91
    -19.47      -3.29       1.11
    -18.84      -2.75       1.32
    -18.21      -1.16       2.10
    -17.58       0.85       2.79
    -16.96       2.23       3.26
    -16.33       2.73       3.23
    -15.71       2.70       2.92
    -15.09       2.85       2.89
    -14.48       2.91       2.90
    -13.86       2.49       2.61
    -13.25       1.70       2.41
    -12.64       0.91       2.24
    -12.02       0.44       2.11
    -11.42       0.17       2.23
    -10.81      -0.31       2.35
    -10.20      -1.12       2.43
     -9.59      -1.81       2.57
     -8.99      -1.83       2.54
     -8.39      -1.01       2.41
     -7.78       0.22       2.90
     -7.18       0.25       3.32
     -6.58      -1.29       3.20
     -5.98      -4.27       2.77
     -5.38      -6.71       2.12
     -4.78      -7.87       1.73
     -4.18      -7.58       1.47
     -3.58      -6.59       1.17
     -2.99      -5.62       0.86
     -2.39      -5.10       1.09
     -1.79      -5.09       1.30
     -1.19      -5.85       1.33
     -0.60      -7.12       1.01
      0.00      -9.13       1.00
      0.60     -11.23       1.05
      1.19     -12.97       1.10
      1.79     -14.25       1.27
      2.39     -14.68       1.91
      2.99     -14.70       2.33
      3.58     -13.75       2.65
      4.18     -11.79       2.63
      4.78      -9.03       2.53
      5.38      -6.05       2.95
      5.98      -2.48       3.64
      6.58       1.98       4.81
      7.18       6.63       6.29
      7.78       9.91       7.05
      8.39      11.55       6.64
      8.99      12.49       5.87
      9.59      12.79       5.14
     10.20      12.62       4.29
     10.81      12.57       3.62
     11.42      12.22       2.79
     12.02      12.17       2.96
     12.64      11.46       2.61
     13.25      11.38       2.44
     13.86      10.61       2.12
     14.48       9.72       2.15
     15.09       8.30       2.13
     15.71       7.03       2.34
     16.33       5.67       2.38
     16.96       4.24       2.35
     17.58       3.06       2.26
     18.21       1.95       2.32
     18.84       1.07       2.13
     19.47       0.45       2.05
     20.11       0.23       1.90
     20.74       0.76       1.62
     21.38       1.17       1.58
     22.02       1.43       1.78
     22.67       1.15       2.00
     23.32       0.56       1.91
     23.97      -0.03       1.77
     24.62      -0.48       1.65
     25.28      -0.74       1.50
     25.94      -0.85       1.29
     26.61      -1.19       0.97
     27.28      -1.79       1.11
     27.95      -2.45       1.09
     28.63      -2.98       1.00
     29.31      -2.82       0.86
     30.00      -2.75       0.78
     30.69      -2.17       0.79
     31.39      -1.65       1.00
     32.09      -0.85       1.32
     32.80      -0.32       1.58
     33.51      -0.17       1.49
     34.23      -0.47       1.34
     34.95      -1.02       1.26
     35.69      -1.41       1.09
     36.42      -1.42       0.80
     37.17      -1.40       0.63
     37.92      -1.24       0.46
     38.68      -0.86       0.72
     39.45      -0.54       1.01
     40.23      -0.46       1.14
     41.01      -0.60       1.04
     41.81      -0.61       0.92
     42.61      -0.10       0.93
     43.41       0.69       0.86
     44.20       1.63       1.03
     44.99       2.23       1.01
     45.78       2.47       0.85
     46.57       2.44       0.82
     47.36       2.37       0.74
     48.14       2.31       0.82
     48.92       2.28       0.83
     49.70       2.10       0.86
     50.48       1.89       0.88
     51.26       1.92       0.79
     52.03       2.34       0.74
     52.80       3.02       0.72
     53.57       3.46       0.98
     54.34       3.41       1.26
     55.11       2.89       1.31
     55.87       2.32       1.13
     56.64       2.03       0.78
     57.40       1.91       0.47
     58.16       1.80       0.34
     58.92       1.46       0.28
     59.68       1.02       0.62
# CH6 zonally averaged Tb anomaly (K), std (K)
    -59.68      -0.32       0.46
    -58.92      -0.52       0.45
    -58.16      -0.72       0.41
    -57.40      -0.94       0.44
    -56.64      -1.13       0.49
    -55.87      -1.21       0.55
    -55.11      -1.10       0.52
    -54.34      -0.76       0.50
    -53.57      -0.27       0.43
    -52.80       0.33       0.34
    -52.03       0.87       0.45
    -51.26       1.18       0.55
    -50.48       1.02       0.55
    -49.70       0.45       0.43
    -48.92      -0.41       0.30
    -48.14      -1.18       0.37
    -47.36      -1.65       0.49
    -46.57      -1.59       0.59
    -45.78      -1.13       0.66
    -44.99      -0.44       0.77
    -44.20       0.16       0.92
    -43.41       0.57       1.04
    -42.61       0.78       0.92
    -41.81       0.78       0.70
    -41.01       0.62       0.61
    -40.23       0.31       0.73
    -39.45      -0.17       0.75
    -38.68      -0.71       0.82
    -37.92      -1.11       0.85
    -37.17      -1.05       0.91
    -36.42      -0.45       0.83
    -35.69       0.55       0.84
    -34.95       1.45       1.09
    -34.23       1.77       1.31
    -33.51       1.24       1.28
    -32.80       0.27       1.09
    -32.09      -0.69       0.67
    -31.39      -1.29       0.45
    -30.69      -1.61       0.42
    -30.00      -1.76       0.57
    -29.31      -1.51       0.57
    -28.63      -0.99       0.61
    -27.95      -0.52       0.81
    -27.28      -0.38       0.94
    -26.61      -0.50       1.15
    -25.94      -0.78       1.22
    -25.28      -1.11       1.22
    -24.62      -1.17       1.17
    -23.97      -0.91       1.14
    -23.32      -0.80       1.22
    -22.67      -1.03       1.30
    -22.02      -1.38       1.27
    -21.38      -1.33       1.01
    -20.74      -1.37       0.97
    -20.11      -1.65       1.06
    -19.47      -1.92       0.85
    -18.84      -1.80       0.77
    -18.21      -0.86       1.21
    -17.58       0.49       1.70
    -16.96       1.95       2.20
    -16.33       3.05       2.49
    -15.71       3.72       2.65
    -15.09       4.29       2.80
    -14.48       4.70       2.82
    -13.86       4.59       2.64
    -13.25       4.01       2.46
    -12.64       3.18       2.36
    -12.02       2.44       2.55
    -11.42       1.80       2.66
    -10.81       1.19       2.58
    -10.20       0.68       2.43
     -9.59       0.12       2.28
     -8.99       0.09       1.99
     -8.39       0.07       1.80
     -7.78      -0.07       1.89
     -7.18      -0.52       1.92
     -6.58      -1.56       1.70
     -5.98      -2.51       1.36
     -5.38      -3.47       0.88
     -4.78      -3.51       0.74
     -4.18      -3.18       0.83
     -3.58      -2.55       0.80
     -2.99      -2.04       0.86
     -2.39      -1.59       0.81
     -1.79      -1.45       0.71
     -1.19      -1.49       0.56
     -0.60      -1.72       0.64
      0.00      -2.06       0.73
      0.60      -2.46       0.58
      1.19      -2.86       0.41
      1.79      -3.33       0.48
      2.39      -3.59       0.58
      2.99      -3.66       0.72
      3.58      -3.33       0.81
      4.18      -2.96       0.92
      4.78      -2.41       1.18
      5.38      -1.68       1.68
      5.98      -0.59       2.27
      6.58       0.97       2.71
      7.18       2.67       2.99
      7.78       4.39       3.15
      8.39       5.29       3.18
      8.99       5.77       3.00
      9.59       5.78       2.23
     10.20       6.03       1.95
     10.81       6.25       1.94
     11.42       6.49       1.96
     12.02       6.63       2.19
     12.64       6.53       1.97
     13.25       6.60       1.32
     13.86       6.02       1.09
     14.48       5.17       1.20
     15.09       3.71       1.38
     15.71       2.09       1.63
     16.33       0.21       1.70
     16.96      -1.22       1.45
     17.58      -2.33       1.13
     18.21      -2.80       0.86
     18.84      -3.12       0.51
     19.47      -2.88       0.54
     20.11      -2.40       0.63
     20.74      -1.39       0.56
     21.38      -0.28       0.47
     22.02       0.52       0.56
     22.67       0.84       1.03
     23.32       0.51       1.29
     23.97      -0.04       1.26
     24.62      -0.76       1.17
     25.28      -0.85       1.18
     25.94      -0.50       1.10
     26.61      -0.56       0.71
     27.28      -1.06       0.70
     27.95      -1.82       0.75
     28.63      -2.27       0.94
     29.31      -2.19       0.85
     30.00      -2.05       0.74
     30.69      -1.35       0.50
     31.39      -0.92       0.51
     32.09      -0.31       0.90
     32.80       0.29       1.37
     33.51       0.76       1.38
     34.23       0.61       1.10
     34.95      -0.33       1.26
     35.69      -1.18       1.24
     36.42      -1.54       0.90
     37.17      -1.50       0.50
     37.92      -1.30       0.39
     38.68      -0.70       0.72
     39.45      -0.18       0.92
     40.23      -0.09       0.94
     41.01      -0.51       0.69
     41.81      -0.87       0.42
     42.61      -0.75       0.37
     43.41      -0.40       0.48
     44.20      -0.11       0.63
     44.99       0.03       0.78
     45.78       0.24       0.96
     46.57       0.46       0.99
     47.36       0.56       0.80
     48.14       0.39       0.60
     48.92       0.19       0.71
     49.70      -0.10       0.72
     50.48      -0.35       0.74
     51.26      -0.39       0.81
     52.03      -0.00       0.79
     52.80       0.59       0.82
     53.57       0.94       0.91
     54.34       0.83       0.89
     55.11       0.40       0.87
     55.87       0.05       0.77
     56.64      -0.10       0.68
     57.40      -0.10       0.54
     58.16      -0.14       0.45
     58.92      -0.27       0.39
     59.68      -0.44       0.34
# CH1 zonally averaged Ld anomaly (%), std (%)
    -59.68       0.03       0.07
    -58.92       0.08       0.09
    -58.16       0.10       0.12
    -57.40       0.09       0.11
    -56.64       0.09       0.09
    -55.87       0.10       0.09
    -55.11       0.10       0.10
    -54.34       0.10       0.10
    -53.57       0.10       0.10
    -52.80       0.10       0.12
    -52.03       0.10       0.14
    -51.26       0.09       0.17
    -50.48       0.10       0.18
    -49.70       0.11       0.19
    -48.92       0.12       0.19
    -48.14       0.13       0.20
    -47.36       0.14       0.20
    -46.57       0.15       0.20
    -45.78       0.17       0.20
    -44.99       0.18       0.21
    -44.20       0.20       0.22
    -43.41       0.21       0.23
    -42.61       0.22       0.24
    -41.81       0.25       0.22
    -41.01       0.27       0.22
    -40.23       0.29       0.24
    -39.45       0.28       0.23
    -38.68       0.27       0.22
    -37.92       0.26       0.21
    -37.17       0.26       0.20
    -36.42       0.24       0.20
    -35.69       0.22       0.20
    -34.95       0.19       0.19
    -34.23       0.15       0.17
    -33.51       0.11       0.16
    -32.80       0.07       0.14
    -32.09       0.03       0.14
    -31.39      -0.01       0.14
    -30.69      -0.04       0.13
    -30.00      -0.06       0.14
    -29.31      -0.08       0.15
    -28.63      -0.08       0.15
    -27.95      -0.08       0.15
    -27.28      -0.06       0.12
    -26.61      -0.05       0.08
    -25.94      -0.04       0.05
    -25.28      -0.04       0.05
    -24.62      -0.05       0.07
    -23.97      -0.07       0.09
    -23.32      -0.11       0.10
    -22.67      -0.16       0.12
    -22.02      -0.21       0.13
    -21.38      -0.25       0.13
    -20.74      -0.29       0.12
    -20.11      -0.32       0.13
    -19.47      -0.36       0.15
    -18.84      -0.38       0.15
    -18.21      -0.36       0.14
    -17.58      -0.31       0.12
    -16.96      -0.26       0.11
    -16.33      -0.22       0.12
    -15.71      -0.20       0.13
    -15.09      -0.18       0.12
    -14.48      -0.17       0.09
    -13.86      -0.16       0.06
    -13.25      -0.15       0.07
    -12.64      -0.16       0.10
    -12.02      -0.16       0.12
    -11.42      -0.17       0.11
    -10.81      -0.18       0.09
    -10.20      -0.16       0.08
     -9.59      -0.12       0.09
     -8.99      -0.05       0.12
     -8.39       0.04       0.16
     -7.78       0.16       0.18
     -7.18       0.28       0.17
     -6.58       0.39       0.14
     -5.98       0.47       0.12
     -5.38       0.54       0.11
     -4.78       0.57       0.09
     -4.18       0.61       0.08
     -3.58       0.67       0.07
     -2.99       0.71       0.07
     -2.39       0.71       0.09
     -1.79       0.73       0.11
     -1.19       0.79       0.10
     -0.60       0.84       0.11
      0.00       0.86       0.10
      0.60       0.90       0.09
      1.19       0.97       0.08
      1.79       1.05       0.10
      2.39       1.10       0.10
      2.99       1.10       0.06
      3.58       1.10       0.07
      4.18       1.09       0.09
      4.78       1.11       0.11
      5.38       1.07       0.13
      5.98       0.97       0.15
      6.58       0.81       0.16
      7.18       0.59       0.18
      7.78       0.39       0.17
      8.39       0.20       0.16
      8.99       0.04       0.16
      9.59      -0.10       0.19
     10.20      -0.19       0.21
     10.81      -0.25       0.22
     11.42      -0.30       0.21
     12.02      -0.36       0.20
     12.64      -0.40       0.22
     13.25      -0.44       0.25
     13.86      -0.44       0.26
     14.48      -0.44       0.25
     15.09      -0.46       0.21
     15.71      -0.51       0.18
     16.33      -0.53       0.16
     16.96      -0.53       0.16
     17.58      -0.50       0.16
     18.21      -0.40       0.16
     18.84      -0.26       0.14
     19.47      -0.10       0.11
     20.11       0.03       0.10
     20.74       0.11       0.09
     21.38       0.16       0.09
     22.02       0.18       0.09
     22.67       0.17       0.10
     23.32       0.13       0.12
     23.97       0.07       0.13
     24.62       0.02       0.15
     25.28      -0.03       0.16
     25.94      -0.07       0.19
     26.61      -0.12       0.20
     27.28      -0.16       0.21
     27.95      -0.19       0.23
     28.63      -0.22       0.26
     29.31      -0.23       0.27
     30.00      -0.23       0.27
     30.69      -0.24       0.27
     31.39      -0.24       0.27
     32.09      -0.26       0.27
     32.80      -0.26       0.26
     33.51      -0.28       0.27
     34.23      -0.32       0.30
     34.95      -0.37       0.33
     35.69      -0.40       0.34
     36.42      -0.42       0.34
     37.17      -0.43       0.34
     37.92      -0.44       0.35
     38.68      -0.46       0.37
     39.45      -0.47       0.37
     40.23      -0.47       0.35
     41.01      -0.47       0.34
     41.81      -0.50       0.35
     42.61      -0.49       0.33
     43.41      -0.46       0.33
     44.20      -0.41       0.35
     44.99      -0.38       0.31
     45.78      -0.38       0.27
     46.57      -0.39       0.26
     47.36      -0.40       0.27
     48.14      -0.41       0.31
     48.92      -0.42       0.36
     49.70      -0.44       0.37
     50.48      -0.45       0.37
     51.26      -0.44       0.36
     52.03      -0.45       0.36
     52.80      -0.47       0.38
     53.57      -0.50       0.40
     54.34      -0.53       0.44
     55.11      -0.56       0.50
     55.87      -0.59       0.54
     56.64      -0.62       0.56
     57.40      -0.64       0.58
     58.16      -0.61       0.55
     58.92      -0.52       0.51
     59.68      -0.37       0.53
# CH2 zonally averaged Ld anomaly (%), std (%)
    -59.68       0.34       0.25
    -58.92       0.31       0.25
    -58.16       0.28       0.26
    -57.40       0.26       0.25
    -56.64       0.24       0.25
    -55.87       0.23       0.24
    -55.11       0.22       0.24
    -54.34       0.22       0.22
    -53.57       0.22       0.21
    -52.80       0.22       0.20
    -52.03       0.20       0.20
    -51.26       0.18       0.20
    -50.48       0.15       0.21
    -49.70       0.12       0.22
    -48.92       0.09       0.23
    -48.14       0.08       0.25
    -47.36       0.06       0.27
    -46.57       0.06       0.27
    -45.78       0.09       0.28
    -44.99       0.12       0.27
    -44.20       0.21       0.25
    -43.41       0.28       0.25
    -42.61       0.35       0.27
    -41.81       0.37       0.26
    -41.01       0.38       0.27
    -40.23       0.37       0.28
    -39.45       0.36       0.28
    -38.68       0.36       0.27
    -37.92       0.37       0.25
    -37.17       0.37       0.24
    -36.42       0.37       0.22
    -35.69       0.37       0.20
    -34.95       0.38       0.18
    -34.23       0.38       0.17
    -33.51       0.38       0.15
    -32.80       0.36       0.15
    -32.09       0.34       0.15
    -31.39       0.31       0.16
    -30.69       0.29       0.16
    -30.00       0.27       0.16
    -29.31       0.26       0.15
    -28.63       0.24       0.17
    -27.95       0.23       0.18
    -27.28       0.22       0.19
    -26.61       0.23       0.18
    -25.94       0.25       0.17
    -25.28       0.26       0.17
    -24.62       0.26       0.17
    -23.97       0.24       0.18
    -23.32       0.20       0.21
    -22.67       0.18       0.24
    -22.02       0.16       0.26
    -21.38       0.16       0.24
    -20.74       0.15       0.22
    -20.11       0.12       0.19
    -19.47       0.08       0.17
    -18.84       0.02       0.17
    -18.21      -0.02       0.18
    -17.58      -0.05       0.18
    -16.96      -0.05       0.17
    -16.33      -0.04       0.15
    -15.71      -0.04       0.14
    -15.09      -0.05       0.14
    -14.48      -0.04       0.12
    -13.86      -0.02       0.09
    -13.25      -0.01       0.11
    -12.64      -0.01       0.13
    -12.02      -0.02       0.13
    -11.42      -0.02       0.11
    -10.81      -0.01       0.10
    -10.20      -0.01       0.09
     -9.59      -0.03       0.09
     -8.99      -0.08       0.08
     -8.39      -0.16       0.07
     -7.78      -0.22       0.06
     -7.18      -0.25       0.06
     -6.58      -0.27       0.06
     -5.98      -0.30       0.08
     -5.38      -0.33       0.10
     -4.78      -0.36       0.11
     -4.18      -0.40       0.13
     -3.58      -0.45       0.10
     -2.99      -0.51       0.09
     -2.39      -0.55       0.10
     -1.79      -0.55       0.09
     -1.19      -0.50       0.11
     -0.60      -0.41       0.14
      0.00      -0.31       0.13
      0.60      -0.20       0.12
      1.19      -0.11       0.12
      1.79      -0.07       0.09
      2.39      -0.08       0.08
      2.99      -0.07       0.11
      3.58      -0.03       0.12
      4.18       0.02       0.09
      4.78       0.07       0.13
      5.38       0.09       0.16
      5.98       0.08       0.14
      6.58       0.02       0.11
      7.18      -0.07       0.11
      7.78      -0.21       0.14
      8.39      -0.33       0.15
      8.99      -0.34       0.17
      9.59      -0.29       0.18
     10.20      -0.24       0.18
     10.81      -0.25       0.16
     11.42      -0.29       0.11
     12.02      -0.32       0.12
     12.64      -0.36       0.16
     13.25      -0.37       0.15
     13.86      -0.36       0.15
     14.48      -0.38       0.16
     15.09      -0.42       0.15
     15.71      -0.44       0.13
     16.33      -0.44       0.11
     16.96      -0.42       0.11
     17.58      -0.40       0.12
     18.21      -0.36       0.11
     18.84      -0.29       0.10
     19.47      -0.19       0.10
     20.11      -0.12       0.10
     20.74      -0.10       0.09
     21.38      -0.11       0.09
     22.02      -0.10       0.09
     22.67      -0.06       0.09
     23.32      -0.02       0.08
     23.97      -0.01       0.08
     24.62      -0.01       0.07
     25.28       0.02       0.07
     25.94       0.04       0.07
     26.61       0.03       0.07
     27.28       0.00       0.10
     27.95      -0.00       0.12
     28.63       0.02       0.12
     29.31       0.05       0.12
     30.00       0.07       0.12
     30.69       0.08       0.13
     31.39       0.07       0.13
     32.09       0.07       0.14
     32.80       0.09       0.16
     33.51       0.11       0.18
     34.23       0.10       0.21
     34.95       0.09       0.25
     35.69       0.08       0.28
     36.42       0.10       0.29
     37.17       0.12       0.30
     37.92       0.15       0.32
     38.68       0.16       0.34
     39.45       0.17       0.37
     40.23       0.20       0.36
     41.01       0.22       0.36
     41.81       0.21       0.38
     42.61       0.15       0.36
     43.41       0.09       0.35
     44.20       0.05       0.34
     44.99       0.04       0.32
     45.78       0.05       0.29
     46.57       0.07       0.25
     47.36       0.06       0.24
     48.14       0.02       0.22
     48.92      -0.01       0.20
     49.70      -0.03       0.16
     50.48      -0.03       0.13
     51.26      -0.05       0.12
     52.03      -0.08       0.11
     52.80      -0.12       0.12
     53.57      -0.14       0.13
     54.34      -0.17       0.14
     55.11      -0.20       0.14
     55.87      -0.22       0.15
     56.64      -0.25       0.17
     57.40      -0.28       0.22
     58.16      -0.30       0.26
     58.92      -0.31       0.27
     59.68      -0.31       0.28
# CH3 zonally averaged Ld anomaly (%), std (%)
    -59.68      -0.02       0.18
    -58.92      -0.06       0.16
    -58.16      -0.08       0.15
    -57.40      -0.08       0.15
    -56.64      -0.08       0.17
    -55.87      -0.09       0.21
    -55.11      -0.12       0.26
    -54.34      -0.17       0.29
    -53.57      -0.21       0.30
    -52.80      -0.25       0.29
    -52.03      -0.25       0.27
    -51.26      -0.22       0.24
    -50.48      -0.17       0.22
    -49.70      -0.10       0.19
    -48.92      -0.04       0.15
    -48.14       0.00       0.12
    -47.36      -0.00       0.12
    -46.57      -0.04       0.14
    -45.78      -0.09       0.14
    -44.99      -0.15       0.14
    -44.20      -0.19       0.17
    -43.41      -0.23       0.21
    -42.61      -0.25       0.24
    -41.81      -0.25       0.25
    -41.01      -0.22       0.27
    -40.23      -0.19       0.29
    -39.45      -0.16       0.29
    -38.68      -0.16       0.27
    -37.92      -0.16       0.27
    -37.17      -0.14       0.27
    -36.42      -0.11       0.27
    -35.69      -0.07       0.26
    -34.95      -0.03       0.26
    -34.23       0.03       0.24
    -33.51       0.08       0.20
    -32.80       0.13       0.16
    -32.09       0.18       0.16
    -31.39       0.22       0.17
    -30.69       0.25       0.15
    -30.00       0.25       0.13
    -29.31       0.20       0.13
    -28.63       0.15       0.13
    -27.95       0.13       0.14
    -27.28       0.15       0.14
    -26.61       0.17       0.14
    -25.94       0.19       0.13
    -25.28       0.22       0.09
    -24.62       0.24       0.09
    -23.97       0.22       0.15
    -23.32       0.18       0.18
    -22.67       0.21       0.16
    -22.02       0.29       0.15
    -21.38       0.35       0.13
    -20.74       0.37       0.14
    -20.11       0.36       0.11
    -19.47       0.36       0.10
    -18.84       0.34       0.12
    -18.21       0.23       0.13
    -17.58       0.06       0.12
    -16.96      -0.07       0.10
    -16.33      -0.07       0.11
    -15.71      -0.00       0.13
    -15.09       0.06       0.15
    -14.48       0.05       0.16
    -13.86       0.04       0.11
    -13.25       0.04       0.05
    -12.64       0.06       0.08
    -12.02       0.08       0.11
    -11.42       0.08       0.11
    -10.81       0.07       0.10
    -10.20       0.06       0.08
     -9.59       0.03       0.11
     -8.99      -0.02       0.10
     -8.39      -0.11       0.10
     -7.78      -0.12       0.09
     -7.18      -0.09       0.10
     -6.58       0.02       0.07
     -5.98       0.10       0.10
     -5.38       0.15       0.09
     -4.78       0.13       0.10
     -4.18       0.09       0.10
     -3.58       0.07       0.09
     -2.99       0.03       0.07
     -2.39       0.02       0.09
     -1.79      -0.01       0.09
     -1.19      -0.03       0.07
     -0.60      -0.01       0.04
      0.00       0.12       0.07
      0.60       0.20       0.11
      1.19       0.25       0.14
      1.79       0.24       0.11
      2.39       0.28       0.10
      2.99       0.30       0.07
      3.58       0.30       0.11
      4.18       0.25       0.12
      4.78       0.18       0.13
      5.38       0.04       0.14
      5.98      -0.16       0.14
      6.58      -0.40       0.14
      7.18      -0.56       0.14
      7.78      -0.64       0.15
      8.39      -0.65       0.20
      8.99      -0.65       0.18
      9.59      -0.62       0.14
     10.20      -0.53       0.16
     10.81      -0.50       0.15
     11.42      -0.46       0.12
     12.02      -0.47       0.10
     12.64      -0.42       0.14
     13.25      -0.42       0.11
     13.86      -0.38       0.10
     14.48      -0.40       0.13
     15.09      -0.36       0.16
     15.71      -0.31       0.16
     16.33      -0.21       0.16
     16.96      -0.15       0.14
     17.58      -0.16       0.12
     18.21      -0.22       0.11
     18.84      -0.20       0.12
     19.47      -0.12       0.11
     20.11      -0.05       0.10
     20.74      -0.05       0.07
     21.38      -0.08       0.08
     22.02      -0.08       0.08
     22.67      -0.04       0.09
     23.32       0.01       0.08
     23.97       0.05       0.07
     24.62       0.12       0.09
     25.28       0.17       0.10
     25.94       0.16       0.11
     26.61       0.13       0.10
     27.28       0.15       0.10
     27.95       0.25       0.13
     28.63       0.29       0.11
     29.31       0.28       0.08
     30.00       0.27       0.08
     30.69       0.28       0.12
     31.39       0.27       0.15
     32.09       0.22       0.14
     32.80       0.14       0.15
     33.51       0.09       0.16
     34.23       0.09       0.18
     34.95       0.15       0.20
     35.69       0.22       0.17
     36.42       0.25       0.20
     37.17       0.26       0.21
     37.92       0.24       0.17
     38.68       0.21       0.15
     39.45       0.16       0.16
     40.23       0.14       0.17
     41.01       0.11       0.15
     41.81       0.06       0.14
     42.61       0.00       0.16
     43.41      -0.02       0.17
     44.20      -0.00       0.16
     44.99       0.03       0.14
     45.78       0.03       0.15
     46.57      -0.01       0.17
     47.36      -0.03       0.21
     48.14      -0.00       0.23
     48.92       0.05       0.21
     49.70       0.07       0.18
     50.48       0.06       0.18
     51.26       0.04       0.17
     52.03       0.02       0.17
     52.80      -0.04       0.22
     53.57      -0.11       0.23
     54.34      -0.16       0.22
     55.11      -0.17       0.20
     55.87      -0.16       0.19
     56.64      -0.14       0.19
     57.40      -0.14       0.16
     58.16      -0.12       0.12
     58.92      -0.11       0.11
     59.68      -0.09       0.11
# CH4 zonally averaged Ld anomaly (%), std (%)
    -59.68       0.04       0.17
    -58.92       0.10       0.17
    -58.16       0.16       0.17
    -57.40       0.19       0.17
    -56.64       0.19       0.15
    -55.87       0.17       0.14
    -55.11       0.12       0.14
    -54.34       0.07       0.15
    -53.57       0.03       0.18
    -52.80       0.01       0.20
    -52.03       0.00       0.20
    -51.26      -0.00       0.19
    -50.48       0.01       0.17
    -49.70       0.02       0.13
    -48.92       0.05       0.12
    -48.14       0.09       0.13
    -47.36       0.12       0.14
    -46.57       0.14       0.17
    -45.78       0.14       0.18
    -44.99       0.10       0.18
    -44.20       0.01       0.17
    -43.41      -0.10       0.16
    -42.61      -0.19       0.15
    -41.81      -0.21       0.14
    -41.01      -0.15       0.17
    -40.23      -0.04       0.18
    -39.45       0.04       0.13
    -38.68       0.05       0.11
    -37.92       0.02       0.17
    -37.17      -0.04       0.20
    -36.42      -0.11       0.20
    -35.69      -0.18       0.19
    -34.95      -0.25       0.21
    -34.23      -0.27       0.25
    -33.51      -0.23       0.26
    -32.80      -0.12       0.23
    -32.09      -0.00       0.21
    -31.39       0.10       0.23
    -30.69       0.17       0.25
    -30.00       0.22       0.26
    -29.31       0.23       0.25
    -28.63       0.20       0.21
    -27.95       0.16       0.16
    -27.28       0.16       0.15
    -26.61       0.16       0.18
    -25.94       0.16       0.19
    -25.28       0.13       0.16
    -24.62       0.10       0.13
    -23.97       0.06       0.13
    -23.32       0.02       0.14
    -22.67       0.01       0.16
    -22.02       0.05       0.20
    -21.38       0.12       0.19
    -20.74       0.20       0.17
    -20.11       0.27       0.14
    -19.47       0.27       0.12
    -18.84       0.19       0.17
    -18.21       0.05       0.19
    -17.58      -0.09       0.17
    -16.96      -0.20       0.17
    -16.33      -0.25       0.16
    -15.71      -0.26       0.14
    -15.09      -0.25       0.16
    -14.48      -0.23       0.20
    -13.86      -0.18       0.17
    -13.25      -0.14       0.13
    -12.64      -0.11       0.13
    -12.02      -0.10       0.12
    -11.42      -0.05       0.13
    -10.81       0.01       0.13
    -10.20       0.05       0.14
     -9.59       0.04       0.15
     -8.99      -0.04       0.12
     -8.39      -0.14       0.12
     -7.78      -0.25       0.18
     -7.18      -0.21       0.14
     -6.58      -0.07       0.13
     -5.98       0.07       0.14
     -5.38       0.16       0.13
     -4.78       0.21       0.13
     -4.18       0.22       0.09
     -3.58       0.20       0.08
     -2.99       0.14       0.10
     -2.39       0.09       0.11
     -1.79       0.05       0.11
     -1.19       0.01       0.14
     -0.60      -0.05       0.12
      0.00      -0.04       0.07
      0.60      -0.03       0.06
      1.19      -0.04       0.10
      1.79      -0.08       0.11
      2.39      -0.13       0.12
      2.99      -0.13       0.12
      3.58      -0.18       0.15
      4.18      -0.25       0.14
      4.78      -0.38       0.18
      5.38      -0.60       0.18
      5.98      -0.87       0.17
      6.58      -1.14       0.15
      7.18      -1.27       0.17
      7.78      -1.20       0.21
      8.39      -1.02       0.18
      8.99      -0.78       0.20
      9.59      -0.64       0.15
     10.20      -0.47       0.15
     10.81      -0.38       0.18
     11.42      -0.32       0.21
     12.02      -0.35       0.20
     12.64      -0.37       0.24
     13.25      -0.31       0.21
     13.86      -0.17       0.15
     14.48       0.03       0.10
     15.09       0.19       0.12
     15.71       0.36       0.17
     16.33       0.54       0.19
     16.96       0.64       0.16
     17.58       0.62       0.15
     18.21       0.53       0.18
     18.84       0.43       0.21
     19.47       0.29       0.23
     20.11       0.14       0.19
     20.74       0.04       0.14
     21.38      -0.03       0.14
     22.02      -0.11       0.18
     22.67      -0.14       0.14
     23.32      -0.12       0.12
     23.97      -0.04       0.07
     24.62       0.01       0.10
     25.28       0.10       0.12
     25.94       0.12       0.11
     26.61       0.15       0.10
     27.28       0.16       0.13
     27.95       0.21       0.10
     28.63       0.27       0.10
     29.31       0.32       0.12
     30.00       0.41       0.15
     30.69       0.43       0.18
     31.39       0.42       0.18
     32.09       0.32       0.12
     32.80       0.19       0.10
     33.51       0.09       0.19
     34.23       0.07       0.25
     34.95       0.11       0.24
     35.69       0.16       0.21
     36.42       0.22       0.20
     37.17       0.27       0.20
     37.92       0.28       0.18
     38.68       0.24       0.16
     39.45       0.16       0.15
     40.23       0.11       0.15
     41.01       0.08       0.14
     41.81       0.07       0.14
     42.61       0.08       0.16
     43.41       0.10       0.19
     44.20       0.10       0.19
     44.99       0.09       0.17
     45.78       0.06       0.13
     46.57       0.06       0.09
     47.36       0.07       0.09
     48.14       0.09       0.11
     48.92       0.09       0.17
     49.70       0.08       0.20
     50.48       0.09       0.20
     51.26       0.11       0.20
     52.03       0.12       0.18
     52.80       0.08       0.17
     53.57       0.02       0.16
     54.34      -0.00       0.13
     55.11       0.01       0.11
     55.87       0.06       0.14
     56.64       0.10       0.16
     57.40       0.12       0.16
     58.16       0.14       0.15
     58.92       0.14       0.16
     59.68       0.14       0.16
# CH5 zonally averaged Ld anomaly (%), std (%)
    -59.68       0.08       0.19
    -58.92       0.13       0.13
    -58.16       0.17       0.09
    -57.40       0.19       0.09
    -56.64       0.21       0.15
    -55.87       0.22       0.22
    -55.11       0.22       0.27
    -54.34       0.22       0.31
    -53.57       0.19       0.33
    -52.80       0.16       0.35
    -52.03       0.11       0.35
    -51.26       0.07       0.33
    -50.48       0.07       0.27
    -49.70       0.13       0.19
    -48.92       0.19       0.13
    -48.14       0.24       0.13
    -47.36       0.25       0.16
    -46.57       0.23       0.20
    -45.78       0.19       0.24
    -44.99       0.14       0.25
    -44.20       0.09       0.22
    -43.41       0.06       0.20
    -42.61       0.04       0.23
    -41.81       0.05       0.23
    -41.01       0.07       0.23
    -40.23       0.09       0.23
    -39.45       0.11       0.21
    -38.68       0.10       0.18
    -37.92       0.06       0.18
    -37.17       0.03       0.22
    -36.42       0.01       0.26
    -35.69      -0.02       0.28
    -34.95      -0.08       0.28
    -34.23      -0.15       0.24
    -33.51      -0.14       0.21
    -32.80      -0.05       0.25
    -32.09       0.08       0.24
    -31.39       0.13       0.21
    -30.69       0.12       0.18
    -30.00       0.07       0.15
    -29.31       0.03       0.13
    -28.63       0.03       0.16
    -27.95       0.04       0.21
    -27.28       0.04       0.21
    -26.61       0.01       0.15
    -25.94       0.04       0.13
    -25.28       0.09       0.16
    -24.62       0.09       0.16
    -23.97       0.06       0.17
    -23.32       0.01       0.18
    -22.67      -0.01       0.17
    -22.02      -0.06       0.15
    -21.38      -0.04       0.15
    -20.74      -0.02       0.16
    -20.11       0.02       0.19
    -19.47      -0.00       0.24
    -18.84       0.05       0.30
    -18.21       0.01       0.30
    -17.58      -0.05       0.21
    -16.96      -0.19       0.13
    -16.33      -0.25       0.15
    -15.71      -0.23       0.17
    -15.09      -0.14       0.18
    -14.48      -0.06       0.13
    -13.86      -0.05       0.11
    -13.25      -0.10       0.11
    -12.64      -0.13       0.14
    -12.02      -0.10       0.16
    -11.42      -0.07       0.15
    -10.81      -0.06       0.17
    -10.20      -0.09       0.17
     -9.59      -0.03       0.15
     -8.99       0.01       0.19
     -8.39      -0.02       0.22
     -7.78      -0.11       0.21
     -7.18      -0.18       0.17
     -6.58      -0.20       0.13
     -5.98      -0.20       0.11
     -5.38      -0.18       0.09
     -4.78      -0.16       0.12
     -4.18      -0.16       0.13
     -3.58      -0.11       0.11
     -2.99      -0.15       0.10
     -2.39      -0.16       0.13
     -1.79      -0.20       0.12
     -1.19      -0.21       0.14
     -0.60      -0.27       0.18
      0.00      -0.37       0.20
      0.60      -0.49       0.18
      1.19      -0.57       0.19
      1.79      -0.72       0.18
      2.39      -0.78       0.20
      2.99      -0.90       0.20
      3.58      -0.89       0.23
      4.18      -0.94       0.27
      4.78      -0.96       0.30
      5.38      -1.02       0.37
      5.98      -0.97       0.41
      6.58      -0.84       0.42
      7.18      -0.62       0.40
      7.78      -0.45       0.31
      8.39      -0.27       0.26
      8.99      -0.09       0.26
      9.59       0.07       0.25
     10.20       0.15       0.21
     10.81       0.10       0.18
     11.42       0.14       0.19
     12.02       0.15       0.20
     12.64       0.20       0.22
     13.25       0.27       0.21
     13.86       0.38       0.21
     14.48       0.44       0.20
     15.09       0.45       0.22
     15.71       0.45       0.18
     16.33       0.59       0.21
     16.96       0.67       0.17
     17.58       0.66       0.13
     18.21       0.51       0.09
     18.84       0.33       0.13
     19.47       0.27       0.12
     20.11       0.24       0.07
     20.74       0.24       0.15
     21.38       0.23       0.18
     22.02       0.16       0.12
     22.67       0.14       0.08
     23.32       0.08       0.10
     23.97       0.07       0.15
     24.62       0.07       0.17
     25.28       0.10       0.15
     25.94       0.12       0.16
     26.61       0.16       0.20
     27.28       0.20       0.20
     27.95       0.25       0.15
     28.63       0.21       0.11
     29.31       0.20       0.09
     30.00       0.20       0.12
     30.69       0.16       0.14
     31.39       0.09       0.12
     32.09       0.03       0.15
     32.80      -0.06       0.20
     33.51      -0.13       0.27
     34.23      -0.13       0.28
     34.95      -0.01       0.21
     35.69       0.07       0.18
     36.42       0.13       0.18
     37.17       0.14       0.25
     37.92       0.18       0.25
     38.68       0.11       0.18
     39.45       0.09       0.19
     40.23       0.12       0.24
     41.01       0.16       0.22
     41.81       0.20       0.25
     42.61       0.17       0.29
     43.41       0.14       0.26
     44.20       0.04       0.22
     44.99      -0.01       0.20
     45.78      -0.03       0.20
     46.57       0.00       0.17
     47.36       0.01       0.16
     48.14      -0.02       0.21
     48.92      -0.09       0.25
     49.70      -0.12       0.27
     50.48      -0.03       0.24
     51.26       0.10       0.24
     52.03       0.20       0.22
     52.80       0.22       0.20
     53.57       0.20       0.22
     54.34       0.16       0.24
     55.11       0.14       0.22
     55.87       0.13       0.18
     56.64       0.13       0.16
     57.40       0.12       0.15
     58.16       0.11       0.19
     58.92       0.08       0.18
     59.68       0.03       0.16
# CH6 zonally averaged Ld anomaly (%), std (%)
    -59.68      -0.01       0.23
    -58.92      -0.03       0.18
    -58.16      -0.05       0.13
    -57.40      -0.06       0.10
    -56.64      -0.05       0.11
    -55.87      -0.01       0.16
    -55.11       0.04       0.22
    -54.34       0.09       0.27
    -53.57       0.15       0.30
    -52.80       0.21       0.31
    -52.03       0.26       0.29
    -51.26       0.28       0.25
    -50.48       0.28       0.19
    -49.70       0.25       0.14
    -48.92       0.17       0.15
    -48.14       0.03       0.17
    -47.36      -0.09       0.20
    -46.57      -0.18       0.24
    -45.78      -0.21       0.23
    -44.99      -0.17       0.19
    -44.20      -0.08       0.17
    -43.41       0.00       0.16
    -42.61       0.04       0.16
    -41.81       0.02       0.17
    -41.01      -0.02       0.18
    -40.23      -0.07       0.20
    -39.45      -0.10       0.18
    -38.68      -0.08       0.12
    -37.92      -0.03       0.13
    -37.17       0.01       0.19
    -36.42       0.00       0.22
    -35.69      -0.04       0.24
    -34.95      -0.06       0.26
    -34.23      -0.04       0.25
    -33.51       0.01       0.23
    -32.80       0.07       0.17
    -32.09       0.10       0.14
    -31.39       0.08       0.20
    -30.69       0.03       0.24
    -30.00      -0.07       0.21
    -29.31      -0.18       0.15
    -28.63      -0.23       0.15
    -27.95      -0.19       0.20
    -27.28      -0.09       0.22
    -26.61      -0.05       0.21
    -25.94      -0.02       0.22
    -25.28      -0.02       0.23
    -24.62      -0.04       0.24
    -23.97      -0.09       0.25
    -23.32      -0.12       0.25
    -22.67      -0.12       0.23
    -22.02      -0.12       0.21
    -21.38      -0.07       0.16
    -20.74      -0.00       0.16
    -20.11       0.07       0.16
    -19.47       0.07       0.13
    -18.84       0.09       0.14
    -18.21       0.10       0.17
    -17.58       0.09       0.20
    -16.96       0.03       0.23
    -16.33      -0.06       0.30
    -15.71      -0.10       0.27
    -15.09      -0.05       0.19
    -14.48       0.11       0.19
    -13.86       0.15       0.26
    -13.25       0.13       0.29
    -12.64       0.05       0.28
    -12.02       0.07       0.24
    -11.42       0.11       0.18
    -10.81       0.09       0.20
    -10.20      -0.01       0.28
     -9.59      -0.09       0.34
     -8.99      -0.06       0.33
     -8.39      -0.02       0.29
     -7.78       0.02       0.23
     -7.18       0.03       0.15
     -6.58       0.01       0.11
     -5.98      -0.02       0.12
     -5.38      -0.04       0.14
     -4.78      -0.01       0.14
     -4.18       0.11       0.16
     -3.58       0.21       0.15
     -2.99       0.34       0.12
     -2.39       0.39       0.11
     -1.79       0.36       0.17
     -1.19       0.27       0.19
     -0.60       0.15       0.17
      0.00       0.09       0.16
      0.60       0.06       0.14
      1.19       0.06       0.12
      1.79       0.04       0.14
      2.39       0.01       0.19
      2.99      -0.02       0.20
      3.58       0.04       0.23
      4.18       0.06       0.20
      4.78       0.06       0.12
      5.38       0.03       0.08
      5.98       0.11       0.16
      6.58       0.22       0.24
      7.18       0.35       0.33
      7.78       0.43       0.48
      8.39       0.43       0.56
      8.99       0.33       0.56
      9.59       0.14       0.45
     10.20       0.05       0.31
     10.81       0.03       0.23
     11.42       0.06       0.23
     12.02      -0.00       0.26
     12.64      -0.10       0.21
     13.25      -0.15       0.20
     13.86      -0.18       0.27
     14.48      -0.15       0.24
     15.09      -0.15       0.18
     15.71      -0.15       0.19
     16.33      -0.16       0.24
     16.96      -0.12       0.23
     17.58      -0.11       0.21
     18.21      -0.06       0.18
     18.84      -0.11       0.11
     19.47      -0.03       0.12
     20.11      -0.07       0.16
     20.74      -0.17       0.20
     21.38      -0.34       0.20
     22.02      -0.40       0.21
     22.67      -0.40       0.20
     23.32      -0.34       0.19
     23.97      -0.32       0.14
     24.62      -0.25       0.12
     25.28      -0.19       0.20
     25.94      -0.16       0.17
     26.61      -0.15       0.10
     27.28      -0.19       0.09
     27.95      -0.15       0.12
     28.63      -0.04       0.08
     29.31       0.10       0.06
     30.00       0.18       0.14
     30.69       0.16       0.19
     31.39       0.15       0.23
     32.09       0.09       0.22
     32.80      -0.01       0.19
     33.51      -0.17       0.17
     34.23      -0.25       0.17
     34.95      -0.24       0.19
     35.69      -0.23       0.22
     36.42      -0.16       0.21
     37.17      -0.02       0.23
     37.92       0.11       0.26
     38.68       0.08       0.30
     39.45      -0.03       0.31
     40.23      -0.05       0.30
     41.01       0.02       0.27
     41.81       0.12       0.25
     42.61       0.16       0.25
     43.41       0.13       0.24
     44.20       0.02       0.23
     44.99       0.01       0.22
     45.78       0.12       0.24
     46.57       0.26       0.21
     47.36       0.23       0.16
     48.14       0.07       0.24
     48.92      -0.06       0.31
     49.70      -0.12       0.30
     50.48      -0.10       0.25
     51.26      -0.06       0.26
     52.03       0.00       0.25
     52.80       0.03       0.16
     53.57       0.03       0.16
     54.34      -0.00       0.21
     55.11      -0.02       0.19
     55.87      -0.01       0.20
     56.64       0.02       0.23
     57.40      -0.00       0.20
     58.16      -0.03       0.15
     58.92      -0.05       0.16
     59.68      -0.04       0.19
